100 0000001010000000
102 0000010000000000
104 0110000111111100
106 0100000111110100
108 0110000111111010
110 0000011010000000
112 0011000110101011
114 0100000111110110
116 0011000110101011
118 0000111010000000
120 0000010000000000
122 0011000011100000
124 0000000100000000
126 0000000100000000
128 0011000011010000
130 0000010000000000
132 0000010100000000
134 0110000111110110
136 0100000111111010
138 0011100011001100
140 0000110000000000
142 0110000111111010
144 0011100010101110
146 0000001010000000
148 0000011110000000
150 0000110000000000
152 0110000111111000
154 0100000111111000
156 0100000111110110
158 0000010000000000
160 0011000011100000
162 0000000100000000
164 0000000100000000
166 0011000011010000
168 0000010000000000
170 0110000111110110
172 0010000010000100
174 0000001010000000
176 0000011110000000
178 0000110000000000
180 0000000100000000
182 0110000111111000
184 0100000111111100
186 0011000011000010
188 0000000100000000
190 0011000011111110
192 0010000010011010
194 0100000111111000
196 0000010000000000
198 0000010000000000
200 0110000111111000
202 0010000010011010
204 0100110111110100
206 0010000010001100
208 0100000111111010
210 0000000010000000
212 0000000100000000
214 0110000111111010
216 0100000111111000
218 0000000010000000
220 0011100100001010
222 0110000111111000
224 0100000111111010
226 0000111110000000
228 0110000111111010
230 0011100011101010
232 0000000000000000
234 0011000011110110
236 0000000100000000
238 0110000111111000
240 0000000000000000
242 0100000111111000
244 0000010000000000
248 0110000111111010
250 0000000000000000
252 0011100100000010
254 0000000100000100
256 0110000111111000
258 0010000010011010
260 0110000111111100
262 0010000011000010
264 0000000100000000
266 0110000111111000
268 0010000011100000
270 0110000111111000
272 0110000111111010
274 0000000000000000
500 1111111111111100
502 0000000000000011