100 0000001010000000
102 0110000111111000
104 0000011010000000
106 0000010000000000
108 0110000111111100
110 0100000111110100
112 0110000111111010
114 0011000011110110
116 0000011010000000
118 0000110000000000
120 0011100011010110
122 0100000111110110
124 0011000011110110
126 0000010000000000
128 0011000010111110
130 0000000100000000
132 0000000100000000
134 0011000011111100
136 0000010000000000
138 0000110000000000
140 0011100011100110
142 0100000111110110
144 0000010100000000
146 0110000111110110
148 0100000111111010
150 0011100011010010
152 0000110000000000
154 0110000111111010
156 0011100011001000
158 0000001010000000
160 0000011110000000
162 0000110000000000
164 0110000111111000
166 0100010111111000
168 0100000111110110
170 0000010000000000
172 0011000010110010
174 0000000100000000
176 0010000010010000
178 0100000111111010
180 0000111110000000
182 0110000111111010
184 0011100011000000
186 0100000111111100
188 0011000011111100
190 0000000000000000
192 0100000111111000
194 0000000100000000
196 0110000111111000
198 0010000010111010
200 0000001010000000
202 0000011110000000
204 0000110000000000
206 0000000100000000
208 0010000010100100
210 0100110111111010
212 0010000010011000
214 0100000111111100
216 0000000100000000
218 0110000111111100
220 0100000111111010
222 0000010000000000
224 0000000010000000
226 0110000111111010
228 0010000001111010
230 0100000111111100
232 0000000100000000
234 0110000111111100
236 0100000111110110
238 0000010000000000
240 0000000010000000
242 0110000111110110
244 0010000010001110
246 0000001010000000
248 0110000111111010
250 0000000000000000
252 0100000111111010
254 0000000010000000
256 0000000100000000
258 0110000111111010
260 0100000111111000
262 0000000010000000
264 0011100100001110
266 0110000111111000
268 0000000000000000
270 0000000100000000
272 0010000100001010
500 1111111111111100
502 0000000000000011