100 0000001010000000
102 0110000111111000
104 0000011010000000
106 0000010000000000
108 0110000111111100
110 0100000111110100
112 0110000111111010
114 0011000100001010
116 0000011010000000
118 0000110000000000
120 0011100011101010
122 0100000111110110
124 0011000100001010
126 0000010000000000
128 0011000010111110
130 0000000100000000
132 0000000100000000
134 0011000100010000
136 0000010000000000
138 0000110000000000
140 0011100011111010
142 0100000111110110
144 0000010100000000
146 0110000111110110
148 0100000111111010
150 0011100011010100
152 0000110000000000
154 0110000111111010
156 0011100011001010
158 0000001010000000
160 0000011110000000
162 0000110000000000
164 0110000111111000
166 0100010111111000
168 0100000111110110
170 0000010000000000
172 0011000010110010
174 0000000100000000
176 0010000010010000
178 0100000111111010
180 0000111110000000
182 0110000111111010
184 0100000111111000
186 0011100011000000
188 0000101110000000
190 0110000111111000
192 0100000111111100
194 0011000100010000
196 0000000000000000
198 0000000100000000
200 0010000010111100
202 0000001010000000
204 0000011110000000
206 0000110000000000
208 0000000100000000
210 0010000010100100
212 0100000111111010
214 0000111110000000
216 0110001000000000
218 0100000111111000
220 0011100100100110
222 0000101110000000
224 0110000111111110
226 0100100111111110
228 0100111000000000
230 0100000111111010
232 0010000010011000
234 0100000111111100
236 0000000100000000
238 0110000111111100
240 0100000111111010
242 0000010000000000
244 0000000010000000
246 0110000111111010
248 0010000001111010
250 0100000111111100
252 0000000100000000
254 0110000111111100
256 0100000111110110
258 0000010000000000
260 0000000010000000
262 0110000111110110
264 0010000010001110
266 0000001010000000
268 0110000111111010
270 0000000000000000
272 0100000111111010
274 0000000010000000
276 0000000100000000
278 0110000111111010
280 0100000111111000
282 0000000010000000
284 0011100100100010
286 0110000111111000
288 0000000000000000
290 0000000100000000
292 0010000100011110
294 0000000100000000
296 0010000011011110
500 1111111111111100
502 0000000000000011